,Unnamed: 0,Latitude,Longitude,time_to_intervention,AED_related,DOA,postal_code
0,13381,51.13,4.449,1285,NO,NO,2550
1,13382,51.206,4.414,658,YES,NO,2018
2,13383,51.189,5.095,660,YES,NO,2400
3,13384,51.043,4.819,545,NO,NO,2230
4,13385,51.214,4.407,257,YES,NO,2000
5,13386,51.105,4.372,419,YES,NO,2850
6,13387,51.222,4.436,788,NO,NO,2060
7,13388,51.085,4.737,814,NO,NO,2220
8,13389,51.206,4.471,479,NO,NO,2100
9,13390,51.051,4.478,458,YES,NO,2860
10,13391,51.051,4.478,461,YES,NO,2860
11,13392,51.1,4.232,1154,NO,NO,2880
12,13393,51.273,4.645,687,YES,NO,2390
13,13394,51.301,4.735,255,YES,NO,2390
14,13395,51.216,4.444,564,NO,NO,2140
15,13396,51.206,4.646,633,NO,NO,2240
16,13397,51.222,4.436,669,NO,NO,2060
17,13398,51.257,4.416,416,NO,NO,2030
18,13399,51.395,4.599,893,NO,NO,2990
19,13400,51.206,4.414,607,YES,NO,2018
20,13401,51.312,4.932,589,YES,NO,2300
21,13402,51.051,4.478,887,NO,NO,2860
22,13403,51.114,4.647,566,NO,NO,2590
23,13404,51.13,4.449,2095,NO,NO,2550
24,13405,51.077,4.296,850,YES,NO,2870
25,13406,51.051,4.478,3281,YES,NO,2860
26,13407,51.077,4.296,2473,YES,NO,2870
27,13408,51.234,4.493,650,NO,NO,2110
28,13409,51.258,4.453,1583,NO,NO,2170
29,13410,51.206,4.397,841,NO,NO,2018
30,13411,51.388,4.742,682,NO,NO,2320
31,13412,51.083,4.913,670,YES,NO,2260
32,13413,51.017,4.559,596,YES,NO,2820
33,13414,51.105,4.372,1136,YES,NO,2850
34,13415,51.1,4.232,620,YES,NO,2880
35,13416,51.161,4.151,1152,YES,NO,9100
36,13417,51.273,4.645,350,YES,NO,2390
37,13418,51.273,4.645,879,YES,NO,2390
38,13419,51.222,4.436,831,NO,NO,2060
39,13420,51.051,4.478,643,YES,NO,2860
40,13421,51.172,5.174,670,NO,NO,2490
41,13422,51.216,4.444,665,NO,NO,2140
42,13423,51.214,4.407,938,YES,NO,2000
43,13424,51.085,4.737,820,YES,NO,2220
44,13425,51.299,4.488,610,NO,NO,2930
45,13426,51.131,4.563,656,NO,NO,2500
46,13427,51.206,4.471,506,NO,NO,2100
47,13428,51.206,4.414,748,NO,NO,2018
48,13429,51.152,4.983,895,NO,NO,2440
49,13430,51.179,4.362,1068,NO,NO,2660
50,13431,51.182,4.421,530,YES,NO,2020
51,13432,51.257,4.416,1246,NO,NO,2030
52,13433,51.155,4.412,865,YES,NO,2650
53,13436,51.068,4.354,1880,NO,NO,2830
54,13437,51.206,4.471,1452,YES,NO,2100
55,13439,51.214,4.407,2816,NO,NO,2000
56,13440,51.095,4.354,535,YES,NO,2850
57,13441,51.155,4.412,661,YES,NO,2650
58,13442,51.206,4.397,818,NO,NO,2018
59,13443,51.216,4.444,802,YES,NO,2140
60,13444,51.125,4.215,835,NO,NO,9140
61,13445,51.017,4.559,468,NO,NO,2820
62,13446,51.1,4.232,460,NO,NO,2880
63,13447,51.222,4.436,778,NO,NO,2060
64,13448,51.312,4.932,558,YES,NO,2300
65,13449,51.312,4.424,433,NO,NO,2950
66,13450,51.312,4.932,495,YES,NO,2300
67,13451,51.273,4.645,97,NO,NO,2390
68,13452,51.273,4.645,96,NO,NO,2390
69,13453,51.206,4.471,463,NO,NO,2100
70,13454,51.179,4.362,642,NO,NO,2660
71,13455,51.206,4.471,777,NO,NO,2100
72,13456,51.185,4.837,49,NO,NO,2200
73,13457,51.465,4.473,662,YES,NO,2910
74,13458,51.258,4.453,100,NO,NO,2170
75,13459,51.16,5.0,848,YES,NO,2440
76,13460,51.152,4.983,720,YES,NO,2440
77,13461,51.1,4.232,551,NO,NO,2880
78,13462,51.312,4.932,462,NO,NO,2300
79,13463,51.182,4.421,539,NO,NO,2020
80,13464,51.206,4.646,375,YES,NO,2240
81,13465,51.051,4.478,559,NO,NO,2860
82,13466,51.216,4.444,664,NO,NO,2140
83,13467,51.155,4.412,564,YES,NO,2650
84,13468,51.077,4.296,481,NO,NO,2870
85,13469,51.312,4.932,905,YES,NO,2300
86,13470,51.314,4.944,2460,NO,NO,2300
87,13471,51.301,4.735,565,NO,NO,2390
88,13472,51.258,4.453,95,NO,NO,2170
89,13473,51.105,4.372,602,NO,NO,2850
90,13474,51.051,4.478,660,NO,NO,2860
91,13475,51.043,4.819,699,YES,NO,2230
92,13476,51.214,4.407,2365,NO,NO,2000
93,13477,51.189,5.095,617,NO,NO,2400
94,13478,51.222,4.436,745,NO,NO,2060
95,13479,51.388,4.742,770,YES,NO,2320
96,13480,51.312,4.932,613,YES,NO,2300
97,13481,51.312,4.932,544,YES,NO,2300
98,13482,51.16,5.0,1288,YES,NO,2440
99,13483,51.182,4.421,399,YES,NO,2020
100,13484,51.206,4.646,545,NO,NO,2240
101,13485,51.13,4.449,553,NO,NO,2550
102,13486,51.114,4.647,543,YES,NO,2590
103,13487,51.051,4.478,1024,NO,NO,2860
104,13488,51.301,4.735,696,YES,NO,2390
105,13489,51.258,4.453,165,YES,NO,2170
106,13490,51.258,4.453,293,YES,YES,2170
107,13491,51.051,4.478,894,YES,NO,2860
108,13492,51.216,4.444,687,NO,NO,2140
109,13493,51.222,4.436,1408,YES,NO,2060
110,13494,51.185,4.837,720,YES,NO,2200
111,13495,51.083,4.913,600,YES,YES,2260
112,13496,51.299,4.488,516,YES,NO,2930
113,13497,51.206,4.471,742,NO,NO,2100
114,13498,51.206,4.646,891,NO,NO,2240
115,13500,51.206,4.397,1180,NO,NO,2018
116,13501,51.13,4.449,875,NO,NO,2550
117,13502,51.312,4.932,633,NO,NO,2300
118,13503,51.085,4.737,489,NO,NO,2220
119,13504,51.185,4.837,559,NO,NO,2200
120,13505,51.083,4.913,660,NO,NO,2260
121,13506,51.1,4.232,638,NO,NO,2880
122,13507,51.017,4.559,857,YES,NO,2820
123,13508,51.222,4.436,802,NO,NO,2060
124,13509,51.214,4.407,444,NO,NO,2000
125,13510,51.206,4.414,516,NO,NO,2018
126,13511,51.182,4.421,787,NO,NO,2020
127,13513,51.258,4.453,707,YES,NO,2170
128,13514,51.155,4.412,646,NO,NO,2650
129,13515,51.077,4.296,484,NO,NO,2870
130,13516,51.161,4.151,3552,NO,NO,9100
131,13517,51.313,4.324,535,NO,NO,2040
132,13518,51.068,4.354,1333,NO,NO,2830
133,13519,51.258,4.453,902,NO,NO,2170
134,13520,51.299,4.488,906,NO,NO,2930
135,13521,51.312,4.424,534,YES,NO,2950
136,13522,51.085,4.737,596,NO,NO,2220
137,13523,51.257,4.416,1656,NO,NO,2030
138,13524,51.085,4.737,485,NO,NO,2220
139,13525,51.152,4.983,402,YES,NO,2440
140,13526,51.216,4.444,603,NO,NO,2140
141,13527,51.206,4.471,657,NO,NO,2100
142,13528,51.152,4.983,1215,YES,NO,2440
143,13529,51.206,4.414,440,NO,NO,2018
144,13530,51.273,4.645,962,YES,NO,2390
145,13531,51.273,4.645,1423,YES,NO,2390
146,13532,51.206,4.646,879,YES,NO,2240
147,13533,51.222,4.436,645,NO,NO,2060
148,13536,51.314,4.944,618,YES,NO,2300
149,13537,51.321,4.857,420,YES,YES,2340
150,13539,51.017,4.559,593,YES,NO,2820
151,13540,51.017,4.559,616,YES,NO,2820
152,13541,51.383,4.477,741,YES,NO,2920
153,13542,51.222,4.436,907,NO,NO,2060
154,13543,51.312,4.424,1120,NO,NO,2950
155,13544,51.214,4.407,531,YES,NO,2000
156,13545,51.051,4.478,491,NO,NO,2860
157,13546,51.051,4.478,517,YES,NO,2860
158,13547,51.13,4.449,2611,NO,NO,2550
159,13548,51.185,4.837,571,YES,NO,2200
160,13549,51.234,4.493,836,YES,NO,2110
161,13550,51.206,4.471,2779,YES,NO,2100
162,13552,51.179,4.362,498,NO,NO,2660
163,13553,51.222,4.436,416,NO,NO,2060
164,13554,51.214,4.407,736,NO,NO,2000
165,13556,51.216,4.444,707,YES,NO,2140
166,13557,51.206,4.397,2503,YES,NO,2018
167,13558,51.312,4.424,836,YES,NO,2950
168,13559,51.222,4.436,399,NO,NO,2060
169,13560,51.222,4.436,848,NO,NO,2060
170,13561,51.187,5.115,1256,YES,NO,2400
171,13562,51.105,4.372,516,NO,NO,2850
172,13563,51.206,4.471,604,NO,NO,2100
173,13564,51.152,4.983,527,NO,NO,2440
174,13565,51.222,4.436,1168,NO,NO,2060
175,13566,51.383,4.477,553,NO,NO,2920
176,13567,51.189,5.095,964,NO,NO,2400
177,13568,51.258,4.453,670,NO,NO,2170
178,13569,51.155,4.412,2605,NO,NO,2650
179,13570,51.179,4.362,522,NO,NO,2660
180,13571,51.043,4.819,573,NO,NO,2230
181,13572,51.068,4.354,656,YES,NO,2830
182,13573,51.105,4.372,595,NO,NO,2850
183,13574,51.155,4.412,1489,NO,NO,2650
184,13575,51.234,4.493,506,NO,NO,2110
185,13577,51.216,4.444,340,NO,NO,2140
186,13578,51.301,4.735,564,NO,NO,2390
187,13579,51.258,4.453,607,NO,NO,2170
188,13580,51.383,4.477,371,NO,NO,2920
189,13582,51.152,4.983,351,NO,NO,2440
190,13583,51.182,4.421,454,YES,NO,2020
191,13584,51.043,4.819,327,YES,NO,2230
192,13585,51.085,4.737,475,NO,NO,2220
193,13586,51.131,4.563,1432,NO,NO,2500
194,13587,51.185,4.837,1081,NO,NO,2200
195,13588,51.155,4.412,604,NO,NO,2650
196,13589,51.155,4.412,1143,NO,NO,2650
197,13590,51.321,4.857,615,NO,NO,2340
198,13591,51.258,4.453,680,NO,NO,2170
199,13592,51.152,4.983,547,NO,NO,2440
200,13593,51.13,4.449,576,NO,NO,2550
201,13594,51.152,4.983,586,NO,NO,2440
202,13595,51.312,4.424,421,NO,NO,2950
203,13596,51.206,4.397,785,NO,NO,2018
204,13597,51.206,4.414,1747,NO,NO,2018
205,13598,51.258,4.453,796,NO,NO,2170
206,13599,51.222,4.436,888,NO,NO,2060
207,13600,51.234,4.493,577,NO,NO,2110
208,13601,51.216,4.444,899,NO,NO,2140
209,13602,51.085,4.737,973,YES,NO,2220
210,13603,51.206,4.646,760,NO,NO,2240
211,13604,51.222,4.436,592,NO,NO,2060
212,13606,51.222,4.436,2035,NO,NO,2060
213,13607,51.206,4.414,393,NO,NO,2018
214,13608,51.206,4.471,463,YES,NO,2100
215,13609,51.206,4.397,2806,NO,NO,2018
216,13610,51.105,4.372,1044,NO,NO,2850
217,13611,51.189,5.095,686,NO,NO,2400
218,13612,51.216,4.444,755,YES,NO,2140
219,13613,51.299,4.488,357,NO,NO,2930
220,13614,51.185,4.837,1332,NO,NO,2200
221,13615,51.185,4.837,575,NO,NO,2200
222,13617,51.155,4.412,1158,YES,NO,2650
223,13619,51.182,4.421,1302,NO,NO,2020
224,13620,51.173,4.419,991,YES,NO,2610
225,13621,51.179,4.362,952,YES,NO,2660
226,13622,51.105,4.372,2138,YES,NO,2850
227,13623,51.222,4.436,377,YES,NO,2060
228,13624,51.314,4.944,689,NO,NO,2300
229,13625,51.321,4.857,822,NO,NO,2340
230,13626,51.077,4.296,1138,NO,NO,2870
231,13627,51.206,4.414,384,NO,NO,2018
232,13628,51.206,4.397,2146,NO,NO,2018
233,13629,51.131,4.563,601,NO,NO,2500
234,13630,51.13,4.449,415,NO,NO,2550
235,13631,51.206,4.397,786,NO,NO,2018
236,13632,51.206,4.414,1277,NO,NO,2018
237,13633,51.216,4.444,613,YES,NO,2140
238,13634,51.222,4.436,839,YES,NO,2060
239,13635,51.206,4.414,557,NO,NO,2018
240,13636,51.206,4.471,496,YES,NO,2100
241,13637,51.179,4.362,936,NO,NO,2660
242,13638,51.222,4.436,976,NO,NO,2060
243,13640,51.222,4.436,572,NO,NO,2060
244,13641,51.216,4.444,510,NO,NO,2140
245,13642,51.182,4.421,920,NO,NO,2020
246,13643,51.273,4.645,729,NO,NO,2390
247,13644,51.105,4.372,988,NO,NO,2850
248,13645,51.152,4.983,679,YES,NO,2440
249,13646,51.155,4.412,345,YES,NO,2650
250,13647,51.465,4.473,785,NO,NO,2910
251,13648,51.222,4.436,792,YES,NO,2060
252,13649,51.234,4.493,621,NO,NO,2110
253,13650,51.185,4.837,833,NO,NO,2200
254,13651,51.185,4.837,922,NO,NO,2200
255,13652,51.32,5.09,1151,NO,NO,2370
256,13653,51.273,4.645,610,YES,NO,2390
257,13654,51.273,4.645,612,YES,NO,2390
258,13655,51.051,4.478,874,NO,NO,2860
259,13656,51.131,4.563,557,NO,NO,2500
260,13657,51.312,4.932,444,NO,NO,2300
261,13658,51.312,4.932,600,NO,NO,2300
262,13659,51.299,4.488,620,NO,NO,2930
263,13660,51.258,4.453,2980,NO,NO,2170
264,13661,51.222,4.436,590,NO,NO,2060
265,13663,51.206,4.397,1613,NO,NO,2018
266,13665,51.258,4.453,937,NO,NO,2170
267,13667,51.185,4.837,515,NO,NO,2200
268,13668,51.216,4.444,805,NO,NO,2140
269,13669,51.222,4.436,648,NO,NO,2060
270,13670,51.214,4.407,519,YES,NO,2000
271,13671,51.234,4.493,647,YES,NO,2110
272,13672,51.222,4.436,530,NO,NO,2060
273,13673,51.131,4.563,949,NO,NO,2500
274,13674,51.41,4.996,784,NO,NO,2381
275,13675,51.083,4.913,483,NO,NO,2260
276,13676,51.301,4.735,546,YES,NO,2390
277,13677,51.206,4.471,428,NO,NO,2100
278,13678,51.206,4.471,1187,NO,NO,2100
279,13679,51.206,4.414,623,NO,NO,2018
280,13680,51.206,4.646,969,NO,NO,2240
281,13681,51.214,4.407,365,NO,NO,2000
282,13682,51.077,4.296,390,YES,NO,2870
283,13683,51.312,4.932,550,NO,NO,2300
284,13684,51.027,4.116,1528,NO,NO,9200
285,13685,51.1,4.232,484,NO,YES,2880
286,13686,51.222,4.436,525,YES,NO,2060
287,13687,51.206,4.397,1176,NO,NO,2018
288,13688,51.312,4.424,669,YES,NO,2950
289,13689,51.258,4.453,1134,YES,NO,2170
290,13690,51.189,5.095,787,NO,NO,2400
291,13691,51.185,4.837,585,YES,NO,2200
292,13692,51.185,4.837,586,YES,NO,2200
293,13694,51.206,4.471,385,YES,NO,2100
294,13695,51.395,4.599,600,NO,NO,2990
295,13696,51.222,4.436,731,NO,NO,2060
296,13697,51.114,4.647,814,NO,NO,2590
297,13699,51.313,4.324,374,YES,NO,2040
298,13700,51.105,4.372,954,YES,NO,2850
299,13701,51.16,5.0,357,NO,NO,2440
300,13702,51.152,4.983,377,NO,NO,2440
301,13703,51.312,4.932,436,YES,NO,2300
302,13704,51.214,4.407,788,NO,NO,2000
303,13705,51.234,4.493,550,YES,NO,2110
304,13706,51.222,4.436,352,YES,NO,2060
305,13707,51.206,4.414,628,NO,NO,2018
306,13708,51.051,4.478,553,NO,NO,2860
307,13709,51.155,4.412,677,YES,NO,2650
308,13710,51.179,4.362,911,YES,YES,2660
309,13711,51.257,4.416,614,YES,NO,2030
310,13712,51.222,4.436,599,YES,NO,2060
311,13713,51.312,4.932,358,NO,NO,2300
312,13714,51.187,4.84,497,NO,NO,2200
313,13715,51.312,4.932,550,NO,NO,2300
314,13716,51.054,5.093,769,YES,NO,3980
315,13717,51.312,4.932,737,NO,NO,2300
316,13718,51.222,4.436,584,NO,NO,2060
317,13719,51.182,4.421,630,YES,NO,2020
318,13720,51.206,4.414,488,NO,NO,2018
319,13721,51.155,4.412,1466,YES,NO,2650
320,13722,51.206,4.646,2783,NO,NO,2240
321,13723,51.206,4.471,1394,NO,NO,2100
322,13724,51.216,4.444,405,NO,NO,2140
323,13725,51.222,4.436,713,NO,NO,2060
324,13726,51.187,5.115,102,NO,NO,2400
325,13727,51.105,4.372,665,YES,NO,2850
326,13728,51.388,4.742,598,NO,NO,2320
327,13729,51.179,4.362,673,YES,NO,2660
328,13731,51.085,4.737,663,NO,NO,2220
329,13733,51.051,4.478,710,NO,NO,2860
330,13734,51.172,5.174,869,NO,NO,2490
331,13735,51.313,4.324,1619,YES,NO,2040
332,13736,51.189,5.095,1010,YES,NO,2400
333,13737,51.206,4.397,723,YES,NO,2018
334,13738,51.051,4.478,1016,NO,NO,2860
335,13739,51.131,4.563,846,NO,NO,2500
336,13740,51.185,4.837,862,YES,NO,2200
337,13741,51.185,4.837,877,YES,NO,2200
338,13743,51.312,4.932,549,NO,NO,2300
339,13744,51.085,4.737,611,YES,NO,2220
340,13745,51.043,4.819,540,NO,NO,2230
341,13746,51.299,4.488,850,NO,NO,2930
342,13747,51.258,4.453,1136,NO,NO,2170
343,13748,51.13,4.449,807,NO,NO,2550
344,13749,51.258,4.453,336,NO,NO,2170
345,13750,51.222,4.436,974,YES,NO,2060
346,13751,51.152,4.983,871,NO,NO,2440
347,13752,51.257,4.416,1328,NO,NO,2030
348,13753,51.206,4.646,861,YES,NO,2240
349,13754,51.105,4.372,1001,NO,NO,2850
350,13756,51.388,4.742,431,NO,NO,2320
351,13757,51.206,4.397,284,NO,NO,2018
352,13758,51.051,4.478,704,NO,NO,2860
353,13759,51.301,4.735,534,NO,NO,2390
354,13760,51.234,4.493,502,NO,NO,2110
355,13761,51.095,4.354,673,YES,NO,2850
356,13762,51.216,4.444,999,NO,NO,2140
357,13763,51.1,4.232,170,NO,NO,2880
358,13764,51.214,4.407,376,NO,NO,2000
359,13765,51.119,5.266,558,YES,NO,3970
360,13766,51.312,4.424,508,NO,NO,2950
361,13767,51.222,4.436,576,NO,NO,2060
362,13768,51.182,4.421,984,NO,NO,2020
363,13769,51.258,4.453,806,NO,NO,2170
364,13770,51.312,4.932,350,YES,NO,2300
365,13771,51.273,4.645,1128,NO,NO,2390
366,13772,51.185,4.837,708,YES,NO,2200
367,13774,51.206,4.414,1029,NO,NO,2018
368,13775,51.131,4.563,895,NO,NO,2500
369,13776,51.321,4.857,696,YES,NO,2340
370,13777,51.179,4.362,496,NO,NO,2660
371,13778,51.114,4.647,669,NO,NO,2590
372,13779,51.206,4.397,1499,YES,NO,2018
373,13780,51.051,4.478,707,NO,NO,2860
374,13782,51.189,5.095,485,NO,NO,2400
375,13783,51.152,4.983,611,NO,NO,2440
376,13784,51.155,4.412,1045,YES,NO,2650
377,13785,51.095,4.354,378,YES,NO,2850
378,13786,51.085,4.737,747,NO,NO,2220
379,13787,51.085,4.737,804,NO,NO,2220
380,13788,51.131,4.563,2561,NO,NO,2500
381,13789,51.214,4.407,989,YES,NO,2000
382,13790,51.017,4.559,810,NO,NO,2820
383,13791,51.212,4.259,780,NO,NO,9120
384,13792,51.1,4.232,363,NO,NO,2880
385,13793,51.172,5.174,751,NO,NO,2490
386,13794,50.925,4.423,2171,YES,NO,1800
387,13795,51.206,4.414,631,YES,NO,2018
388,13796,51.312,4.932,828,NO,NO,2300
389,13797,51.068,4.354,346,NO,NO,2830
390,13798,51.206,4.414,595,YES,NO,2018
391,13799,51.206,4.397,1178,YES,NO,2018
392,13800,51.179,4.362,363,NO,NO,2660
393,13801,51.105,4.372,425,YES,NO,2850
394,13802,51.13,4.449,1065,NO,NO,2550
395,13804,51.314,4.944,1617,NO,NO,2300
396,13805,51.388,4.742,786,NO,NO,2320
397,13806,51.222,4.436,475,YES,NO,2060
398,13807,51.017,4.559,896,NO,NO,2820
399,13808,51.258,4.453,591,NO,NO,2170
400,13809,51.299,4.488,581,NO,NO,2930
401,13810,51.312,4.932,727,NO,NO,2300
402,13811,51.216,4.444,638,YES,NO,2140
403,13812,51.152,4.983,498,NO,NO,2440
404,13813,51.206,4.471,497,YES,NO,2100
405,13814,51.258,4.453,784,NO,NO,2170
406,13816,51.051,4.478,670,NO,NO,2860
407,13817,51.312,4.424,793,NO,NO,2950
408,13818,51.187,5.115,836,NO,NO,2400
409,13819,51.16,5.0,1026,NO,NO,2440
410,13820,51.206,4.414,668,NO,NO,2018
411,13821,51.222,4.436,588,YES,NO,2060
412,13822,51.131,4.563,708,YES,NO,2500
413,13823,51.222,4.436,502,YES,NO,2060
414,13824,51.222,4.436,1875,YES,NO,2060
415,13826,51.301,4.735,1044,NO,NO,2390
416,13827,51.187,4.84,342,NO,NO,2200
417,13828,51.083,4.913,444,NO,NO,2260
418,13829,51.257,4.416,1063,YES,NO,2030
419,13830,51.131,4.563,883,NO,NO,2500
420,13831,51.222,4.436,873,NO,NO,2060
421,13832,51.206,4.646,508,NO,NO,2240
422,13833,51.189,5.095,617,NO,NO,2400
423,13834,51.213,5.417,1304,NO,NO,3900
424,13835,51.314,4.944,994,NO,NO,2300
425,13836,51.214,4.407,392,YES,NO,2000
426,13837,51.095,4.354,629,NO,NO,2850
427,13838,51.051,4.478,760,NO,NO,2860
428,13839,51.051,4.478,1507,NO,NO,2860
429,13840,51.312,4.932,964,NO,NO,2300
430,13841,51.206,4.471,495,YES,NO,2100
431,13843,51.114,4.647,968,NO,NO,2590
432,13844,51.172,5.174,1117,NO,NO,2490
433,13846,51.182,4.421,1047,NO,NO,2020
434,13847,51.41,4.996,354,YES,NO,2381
435,13848,51.105,4.372,718,NO,NO,2850
436,13849,51.301,4.735,679,YES,YES,2390
437,13850,51.273,4.645,851,YES,NO,2390
438,13851,51.214,4.407,552,YES,NO,2000
439,13853,51.1,4.232,320,YES,NO,2880
440,13854,51.155,4.412,662,NO,NO,2650
441,13855,51.017,4.559,490,NO,NO,2820
442,13856,51.171,4.313,1023,NO,NO,9150
443,13857,51.155,4.412,1515,NO,NO,2650
444,13858,51.187,5.115,68,NO,NO,2400
445,13859,51.13,4.449,702,NO,NO,2550
446,13860,51.206,4.471,515,NO,NO,2100
447,13861,51.258,4.453,442,NO,NO,2170
448,13862,51.131,4.563,884,YES,NO,2500
449,13863,51.222,4.436,1771,YES,NO,2060
450,13864,51.232,4.379,375,NO,NO,2050
451,13865,51.222,4.436,1055,NO,NO,2060
452,13866,51.301,4.735,540,NO,NO,2390
453,13867,51.051,4.478,691,YES,NO,2860
454,13868,51.257,4.416,600,NO,NO,2030
455,13869,51.083,4.913,606,YES,NO,2260
456,13870,51.214,4.407,392,YES,NO,2000
457,13871,51.234,4.493,682,YES,NO,2110
458,13872,51.258,4.453,495,YES,NO,2170
459,13873,51.114,4.647,1435,NO,NO,2590
460,13874,51.222,4.436,372,NO,NO,2060
461,13875,51.206,4.471,692,NO,NO,2100
462,13876,51.321,4.857,340,NO,NO,2340
463,13877,51.312,4.932,575,NO,NO,2300
464,13878,51.314,4.944,1298,YES,NO,2300
465,13879,51.312,4.932,420,NO,NO,2300
466,13881,51.155,4.412,951,YES,NO,2650
467,13882,51.258,4.453,609,NO,NO,2170
468,13883,51.222,4.436,860,YES,NO,2060
469,13884,51.206,4.471,504,YES,NO,2100
470,13885,51.41,4.996,646,NO,NO,2381
471,13886,51.234,4.493,493,NO,NO,2110
472,13887,51.13,4.449,275,YES,NO,2550
473,13888,51.114,4.647,179,NO,NO,2590
474,13889,51.131,4.563,175,NO,NO,2500
475,13890,51.131,4.563,2193,NO,NO,2500
476,13891,51.119,5.266,580,NO,NO,3970
477,13892,51.16,5.0,1987,NO,NO,2440
478,13893,51.206,4.414,437,NO,NO,2018
479,13894,51.312,4.424,668,YES,NO,2950
480,13895,51.258,4.453,1188,YES,NO,2170
481,13896,51.155,4.412,3753,NO,NO,2650
482,13897,51.185,4.837,554,YES,NO,2200
483,13898,51.185,4.837,554,YES,NO,2200
484,13899,51.257,4.416,525,YES,NO,2030
485,13900,51.299,4.488,631,NO,NO,2930
486,13901,51.222,4.436,702,NO,NO,2060
487,13902,51.206,4.471,496,NO,NO,2100
488,13903,51.313,4.324,788,NO,NO,2040
489,13904,51.206,4.414,456,NO,NO,2018
490,13905,51.312,4.932,758,NO,NO,2300
491,13906,51.222,4.436,918,YES,NO,2060
492,13907,51.206,4.397,482,YES,NO,2018
493,13908,51.216,4.444,647,YES,NO,2140
494,13909,51.13,4.449,925,NO,NO,2550
495,13910,51.13,4.449,476,NO,NO,2550
496,13911,51.173,4.419,764,NO,NO,2610
497,13912,51.051,4.478,917,NO,NO,2860
498,13913,51.206,4.414,395,NO,NO,2018
499,13914,51.273,4.645,394,NO,NO,2390
500,13915,51.182,4.421,861,NO,NO,2020
501,13916,51.222,4.436,338,NO,NO,2060
502,13917,51.222,4.436,352,NO,NO,2060
503,13918,51.257,4.416,566,YES,NO,2030
504,13919,51.185,4.837,453,NO,NO,2200
505,13920,51.216,4.444,838,NO,NO,2140
506,13921,51.206,4.471,516,NO,NO,2100
507,13922,51.206,4.414,463,NO,NO,2018
508,13923,51.179,4.362,430,NO,NO,2660
509,13924,51.085,4.737,702,NO,NO,2220
510,13925,51.206,4.397,703,NO,NO,2018
511,13926,51.051,4.478,1504,NO,NO,2860
512,13927,51.105,4.372,1891,NO,NO,2850
513,13928,51.388,4.742,522,YES,NO,2320
514,13929,51.273,4.645,661,YES,NO,2390
515,13930,51.13,4.449,1116,NO,NO,2550
516,13931,51.051,4.478,1223,NO,NO,2860
517,13932,51.131,4.563,905,NO,NO,2500
518,13933,51.222,4.436,1019,NO,NO,2060
519,13934,51.13,4.449,1715,NO,NO,2550
520,13935,51.017,4.559,894,YES,NO,2820
521,13936,51.085,4.737,527,NO,NO,2220
522,13937,51.222,4.436,984,YES,NO,2060
523,13938,51.206,4.397,477,NO,NO,2018
524,13939,51.077,4.296,705,NO,NO,2870
525,13940,51.179,4.362,441,NO,NO,2660
526,13941,51.299,4.488,743,YES,NO,2930
527,13942,51.257,4.416,491,NO,NO,2030
528,13943,51.13,4.449,823,NO,NO,2550
529,13944,51.312,4.932,617,YES,NO,2300
530,13945,51.13,4.449,537,NO,NO,2550
531,13946,51.298,4.693,800,NO,NO,2390
532,13947,51.179,4.362,346,NO,NO,2660
533,13948,51.312,4.553,713,YES,NO,2930
534,13949,51.172,5.174,1773,NO,NO,2490
535,13950,51.131,4.563,738,NO,NO,2500
536,13951,51.234,4.493,530,NO,NO,2110
537,13952,51.206,4.471,590,NO,NO,2100
538,13953,51.216,4.444,1246,YES,NO,2140
539,13954,51.206,4.471,600,YES,NO,2100
540,13955,51.206,4.397,856,YES,NO,2018
541,13956,51.179,4.362,542,NO,NO,2660
542,13957,51.155,4.412,596,NO,NO,2650
543,13958,51.182,4.421,512,NO,NO,2020
544,13959,51.051,4.478,5201,NO,NO,2860
545,13960,51.234,4.493,316,YES,NO,2110
546,13961,51.206,4.471,1371,YES,NO,2100
547,13962,51.258,4.453,1506,YES,NO,2170
548,13963,51.312,4.424,765,NO,NO,2950
549,13964,51.043,4.819,499,NO,NO,2230
550,13965,51.321,4.857,662,YES,NO,2340
551,13966,51.314,4.944,1603,YES,NO,2300
552,13967,51.179,4.362,298,NO,NO,2660
553,13969,51.051,4.478,3341,NO,NO,2860
554,13970,51.395,4.599,619,NO,NO,2990
555,13971,51.152,4.983,857,NO,NO,2440
556,13972,51.273,4.645,694,YES,NO,2390
557,13973,51.298,4.693,767,YES,YES,2390
558,13974,51.017,4.559,743,NO,NO,2820
559,13975,51.222,4.436,2533,YES,NO,2060
560,13976,51.214,4.407,1899,NO,NO,2000
561,13977,51.182,4.421,366,YES,YES,2020
562,13978,51.206,4.414,567,YES,NO,2018
563,13979,51.321,4.857,790,YES,NO,2340
564,13980,51.222,4.436,313,NO,NO,2060
565,13981,51.216,4.444,716,NO,NO,2140
566,13982,51.298,4.693,510,NO,NO,2390
567,13983,51.388,4.742,774,NO,NO,2320
568,13984,51.257,4.416,959,YES,NO,2030
569,13985,51.083,4.913,500,YES,NO,2260
570,13986,51.16,5.0,947,YES,NO,2440
571,13987,51.312,4.424,724,YES,NO,2950
572,13988,51.068,4.354,649,NO,NO,2830
573,13989,51.206,4.397,689,YES,NO,2018
574,13990,51.234,4.493,719,NO,NO,2110
575,13991,51.388,4.742,1504,NO,NO,2320
576,13992,51.131,4.563,856,YES,NO,2500
577,13993,51.206,4.646,1858,YES,NO,2240
578,13994,51.321,4.857,924,YES,NO,2340
579,13995,51.13,4.449,1151,NO,NO,2550
580,13996,51.152,4.983,758,NO,NO,2440
581,13997,51.172,5.174,770,NO,NO,2490
582,13998,51.051,4.478,642,YES,NO,2860
583,13999,51.051,4.478,1415,YES,NO,2860
584,14000,51.222,4.436,1364,YES,NO,2060
585,14001,51.222,4.436,680,NO,NO,2060
586,14002,51.273,4.645,832,NO,NO,2390
587,14003,51.051,4.478,975,NO,NO,2860
588,14004,51.257,4.416,620,NO,NO,2030
589,14005,51.206,4.471,432,NO,NO,2100
590,14006,51.206,4.471,978,NO,NO,2100
591,14007,51.068,4.354,876,YES,NO,2830
592,14008,51.298,4.693,618,NO,NO,2390
593,14009,51.216,4.444,810,YES,NO,2140
594,14010,51.273,4.645,74,NO,NO,2390
595,14011,51.273,4.645,70,NO,NO,2390
596,14012,51.206,4.471,402,NO,NO,2100
597,14013,51.206,4.414,534,YES,NO,2018
598,14014,51.206,4.414,1298,YES,NO,2018
599,14015,51.222,4.436,581,NO,NO,2060
600,14016,51.114,4.647,861,NO,NO,2590
601,14017,51.312,4.424,393,NO,NO,2950
602,14018,51.206,4.397,596,YES,NO,2018
603,14019,51.173,4.419,640,YES,NO,2610
604,14020,51.222,4.436,1041,NO,NO,2060
605,14021,51.258,4.453,588,YES,NO,2170
606,14022,51.321,4.857,784,YES,NO,2340
607,14023,51.388,4.742,504,YES,NO,2320
608,14024,51.152,4.983,528,YES,NO,2440
609,14025,51.299,4.488,477,YES,NO,2930
610,14026,51.214,4.407,658,YES,NO,2000
611,14027,51.105,4.372,1750,NO,NO,2850
612,14028,51.216,4.444,468,YES,NO,2140
613,14029,51.234,4.493,505,NO,NO,2110
614,14030,51.206,4.471,1328,NO,NO,2100
615,14031,51.222,4.436,853,NO,NO,2060
616,14032,51.051,4.478,864,YES,NO,2860
617,14033,51.173,4.419,995,NO,NO,2610
618,14035,51.258,4.453,490,YES,NO,2170
619,14036,51.189,5.095,501,YES,NO,2400
620,14037,51.216,4.444,462,NO,NO,2140
621,14038,51.222,4.436,457,YES,NO,2060
622,14039,51.206,4.471,788,YES,NO,2100
623,14040,51.299,4.488,787,YES,NO,2930
624,14041,51.206,4.414,584,NO,NO,2018
625,14042,51.171,4.313,657,NO,NO,9150
626,14043,51.206,4.646,602,NO,NO,2240
627,14044,51.214,4.407,517,YES,NO,2000
628,14045,51.222,4.436,1047,YES,NO,2060
629,14046,51.152,4.983,694,YES,NO,2440
630,14047,51.16,5.0,1385,YES,NO,2440
631,14048,51.083,4.913,640,YES,NO,2260
632,14049,51.257,4.416,540,YES,NO,2030
633,14050,51.051,4.478,534,NO,NO,2860
634,14051,51.321,4.857,520,NO,NO,2340
635,14052,51.222,4.436,637,NO,NO,2060
636,14053,51.155,4.412,429,YES,NO,2650
637,14054,51.206,4.397,381,NO,NO,2018
638,14055,51.312,4.932,562,NO,NO,2300
639,14056,51.312,4.424,403,YES,NO,2950
640,14057,51.206,4.646,293,NO,NO,2240
641,14058,51.13,4.449,1260,YES,NO,2550
642,14059,51.017,4.559,412,NO,NO,2820
643,14060,51.41,4.996,426,NO,NO,2381
644,14061,51.179,4.362,605,NO,NO,2660
645,14062,51.077,4.296,697,NO,NO,2870
646,14063,51.187,5.115,729,NO,NO,2400
647,14064,51.051,4.478,700,NO,NO,2860
648,14065,51.222,4.436,1241,NO,NO,2060
649,14066,51.105,4.372,696,NO,NO,2850
650,14067,51.234,4.493,929,NO,NO,2110
651,14068,51.182,4.421,1285,YES,NO,2020
652,14069,51.173,4.419,2313,YES,NO,2610
653,14070,51.206,4.414,569,NO,NO,2018
654,14071,51.206,4.397,316,NO,NO,2018
655,14072,51.206,4.397,2505,NO,NO,2018
656,14073,51.206,4.471,656,NO,NO,2100
657,14074,51.206,4.471,263,NO,NO,2100
658,14075,51.085,4.737,634,YES,NO,2220
659,14076,51.222,4.436,988,NO,NO,2060
660,14077,51.222,4.436,1005,NO,NO,2060
661,14078,51.216,4.444,794,YES,NO,2140
662,14079,51.206,4.414,969,NO,NO,2018
663,14080,51.312,4.932,639,YES,NO,2300
664,14081,51.299,4.488,996,NO,NO,2930
665,14082,51.228,4.412,318,NO,NO,2000
666,14083,51.051,4.478,827,YES,NO,2860
667,14084,51.214,4.407,484,NO,NO,2000
668,14085,51.179,4.362,1229,NO,NO,2660
669,14086,51.155,4.412,688,YES,NO,2650
670,14087,51.41,4.996,1844,NO,NO,2381
671,14088,51.312,4.932,433,NO,NO,2300
672,14089,51.13,4.449,1763,NO,NO,2550
673,14090,51.206,4.646,688,YES,NO,2240
674,14091,51.131,4.563,987,NO,NO,2500
675,14092,51.085,4.737,853,NO,NO,2220
676,14093,51.083,4.913,1241,NO,NO,2260
677,14094,51.258,4.453,734,NO,NO,2170
678,14095,51.258,4.453,2320,NO,NO,2170
679,14096,51.152,4.983,379,YES,NO,2440
680,14097,51.222,4.436,889,NO,NO,2060
681,14099,51.257,4.416,507,NO,NO,2030
682,14100,51.189,5.095,1823,NO,NO,2400
683,14101,51.13,4.449,3557,NO,NO,2550
684,14102,51.13,4.449,724,NO,NO,2550
685,14103,51.312,4.932,1178,NO,NO,2300
686,14104,51.222,4.436,532,NO,NO,2060
687,14105,51.214,4.407,884,YES,NO,2000
688,14106,51.179,4.362,2599,NO,NO,2660
689,14107,51.173,4.419,1296,NO,NO,2610
690,14108,51.206,4.471,704,NO,NO,2100
691,14109,51.206,4.414,771,NO,NO,2018
692,14110,51.206,4.414,368,NO,NO,2018
693,14111,51.051,4.478,657,NO,NO,2860
694,14112,51.313,4.324,588,NO,NO,2040
695,14113,51.131,4.563,871,NO,NO,2500
696,14114,51.051,4.478,884,NO,NO,2860
697,14115,51.105,4.372,1565,YES,NO,2850
698,14116,51.152,4.983,560,NO,NO,2440
699,14117,51.185,4.837,1365,YES,NO,2200
700,14118,51.051,4.478,917,NO,NO,2860
701,14119,51.234,4.493,563,YES,NO,2110
702,14120,51.257,4.416,708,NO,NO,2030
